1111111111111111111111111111111111111111111
2222222222222222222222222222222222222222222
3333333333333333333333333333333333333333333
555555555555
1111111111111111111111111111111111111111111
2222222222222222222222222222222222222222222
3333333333333333333333333333333333333333333
555555555555
1111111111111111111111111111111111111111111
2222222222222222222222222222222222222222222
3333333333333333333333333333333333333333333
55555555555555
1111111111111111111111111111111111111111111
2222222222222222222222222222222222222222222
3333333333333333333333333333333333333333333
5555555555555555
1111111111111111111111111111111111111111111
2222222222222222222222222222222222222222222
3333333333333333333333333333333333333333333
7777777
1111111111111111111111111111111111111111111
2222222222222222222222222222222222222222222
3333333333333333333333333333333333333333333
7777777
1111111111111111111111111111111111111111111
2222222222222222222222222222222222222222222
33333333333733333333333333333333333333333333
7777777
1111111111111111111111111111111111111111111
2222222222222222222222222222222222222222222
3333333333333333333333333333333333333333333
7777777
1111111111111111111111111111111111111111111
2222222222222222222222222222222222222222222
3333333333333333333333333333333333333333333